-- Insert de l'année 2018
Insert Into CoursesAnnee (idPil, annee, idEcu, nbPointPil, placePil, numPil ) Values 
(3, 2018, 1, 408, 1, 44),
(23, 2018, 2, 320, 2, 5),
(26, 2018, 2, 251, 3, 7),
(1, 2018, 4, 249, 4, 1),
(15, 2018, 1, 247, 5, 77),
(17, 2018, 4, 170, 6, 3),
(16, 2018, 3, 69, 7, 44),
(2, 2018, 11, 62, 8, 11),
(19, 2018, 5, 56, 9, 20),
(6, 2018, 3, 53, 10, 55),
(4, 2018, 6, 50, 11, 14),
(12, 2018, 11, 49, 12, 31),
(7, 2018, 8, 39, 13, 16),
(31, 2018, 5, 37, 14, 8),
(11, 2018, 9, 29, 15, 10),
(34, 2018, 6, 12, 16, 11),
(35, 2018, 8, 9, 17, 9),
(10, 2018, 10, 6, 18, 18),
(36, 2018, 9, 4, 19, 28),
(37, 2018, 10, 1, 20, 35);

-- Insert de l'année 2019
Insert Into CoursesAnnee (idPil, annee, idEcu, nbPointPil, placePil, numPil ) Values
(3, 2019, 1, 413, 1, 44),
(15, 2019, 1, 326, 2, 77),
(1, 2019, 4, 278, 3, 1),
(7, 2019, 2, 264, 4, 16),
(23, 2019, 2, 240, 5, 5),
(6, 2019, 6, 96, 6, 55),
(11, 2019, 9, 95, 7, 10),
(13, 2019, 4, 92, 8, 23),
(17, 2019, 3, 54, 9, 3),
(2, 2019, 12, 52, 10, 11),
(5, 2019, 6, 49, 11, 4),
(26, 2019, 13, 43, 12, 7),
(30, 2019, 9, 37, 13, 26),
(16, 2019, 3, 37, 14, 27),
(10, 2019, 12, 21, 15, 18),
(19, 2019, 5, 20, 16, 20),
(27, 2019, 13, 14, 17, 50),
(31, 2019, 5, 8, 18, 8),
(28, 2019, 10, 1, 19, 21),
(8, 2019, 10, 0, 20, 63);
