-- 2023 --
Insert into Classement(idEcu, annee, nbPointEcu, placeEcu) Values
	(4, 2023, 822, 1),
    (1, 2023, 392, 2),
    (2, 2023, 388, 3),
    (15, 2023, 284, 4),
    (19, 2023, 273, 5),
    (16, 2023, 120, 6),
    (10, 2023, 28, 7),
    (14, 2023, 21, 8),
    (18, 2023, 16, 9),
    (5, 2023, 12, 10);
    
 -- 2022 --   
    Insert into Classement(idEcu, annee, nbPointEcu, placeEcu) Values
	(4, 2022, 759, 1),
    (2, 2022, 554, 2),
    (1, 2022, 515, 3),
    (16, 2022, 173, 4),
    (15, 2022, 159, 5),
    (18, 2022, 55, 6),
    (19, 2022, 55, 7),
    (5, 2022, 37, 8),
    (14, 2022, 35, 9),
    (10, 2022, 8, 10);
    
    -- 2021 --   
    Insert into Classement(idEcu, annee, nbPointEcu, placeEcu) Values
	(1, 2021, 613, 1),
    (4, 2021, 585, 2),
    (2, 2021, 323, 3),
    (15, 2021, 275, 4),
    (16, 2021, 155, 5),
    (14, 2021, 142, 6),
    (17, 2021, 77, 7),
    (10, 2021, 23, 8),
    (13, 2021, 13, 9),
    (5, 2021, 0, 10);
    
     -- 2020 --   
    Insert into Classement(idEcu, annee, nbPointEcu, placeEcu) Values
	(1, 2020, 573, 1),
    (4, 2020, 319, 2),
    (6, 2020, 202, 3),
    (12, 2020, 195, 4),
    (3, 2020, 181, 5),
    (2, 2020, 131, 6),
    (14, 2020, 107, 7),
    (13, 2020, 8, 8),
    (5, 2020, 3, 9),
    (10, 2020, 0, 10);
    
     -- 2019 --   
    Insert into Classement(idEcu, annee, nbPointEcu, placeEcu) Values
	(1, 2019, 739, 1),
    (2, 2019, 504, 2),
    (3, 2019, 417, 3),
    (6, 2019, 145, 4),
    (3, 2019, 91, 5),
    (9, 2019, 85, 6),
    (12, 2019, 73, 7),
    (13, 2019, 57, 8),
    (5, 2019, 28, 9),
    (10, 2019, 1, 10);
    
      -- 2018 --   
    Insert into Classement(idEcu, annee, nbPointEcu, placeEcu) Values
	(1, 2018, 655, 1),
    (2, 2018, 571, 2),
    (4, 2018, 419, 3),
    (3, 2018, 122, 4),
    (5, 2018, 93, 5),
    (6, 2018, 62, 6),
    (7, 2018, 52, 7),
    (8, 2018, 48, 8),
    (9, 2018, 33, 9),
    (10, 2018, 7, 10);
